0 0
-1 0
12 1
-1 2
-1 3
-1 4
-1 5
-1 6
15 7
16 8
-1 9
-1 10
-1 11
14 12
-1 13
19 14
-1 15
-1 16
13 17
-1 18
-1 19
-1 20
-1 21
-1 22
23 23
-1 24
-1 25
-1 26
-1 27
-1 28
-1 29
17 30
-1 31
-1 32
8 33
-1 34
-1 35
-1 36
-1 37
-1 38
-1 39
-1 40
-1 41
-1 42
-1 43
-1 44
-1 45
-1 46
-1 47
-1 48
-1 49
-1 50
-1 51
-1 52
-1 53
-1 54
20 55
-1 56
-1 57
18 58
-1 59
-1 60
-1 61
-1 62
-1 63
-1 145 140 0
-1 305 140 0
-1 465 140 0
-1 465 140 0
-1 145 300 0
-1 465 300 0
-1 465 300 0
-1 545 220 0
33 145 300 0
-1 225 540 0
-1 305 300 0
-1 465 300 0
1 145 620 0
17 145 460 0
12 385 540 0
7 625 620 0
8 65 540 0
30 545 380 1
58 225 60 1
14 545 540 0
55 625 140 1
-1 305 460 0
-1 385 220 0
23 625 460 0
